0000000000000000000000000000000000000000000000000000000000000000000000000000000000000000000000000000000000000000000000000000000000000000000000000000000000000000001111111111111111011111111111111111111111111110000000000000000011001111111111111
1111100000001000000000000011111111000100000000000000000000000000000000000000000000000100000000000000000000000000000000000000000011111111111111111111111111111111111111111111111111111111111111111111000001111111111111111111110000000000000000001
0011111111111111111100000000100000000000011111111000100000000000000000000000000000000000000000000000011000000000000000000000000000000000000000001111111111111111111111111111111111111111111111111111111111111110011000111111111011111111111111000
0000000000000010011111111111111111100000000000000000000011111111000100000000000000000000000000000000000000000000000000000000000000000000000000000000000000000000011111111111111111111111111111111111111111111111110011111111111001100000001000000
0011111111110000000000000000010011111111111111111100000000100000000000011111111000100000000000000000000000000000000000000000000000000000000000000000000000000000000000000000000001111111111111111111111111111111111111111111111100011111111111111
1111111111100100011111111110000000000000000010011111111111111111100000000000000000000011111111000100000000000000000000000000000000000000000000000000000000000000000000000000000000000000000000000001111111111111111111111111111111111111111111110
0110111111111111000001001000000000000111110000000000000000010011111111111111111100000000100000000000011111111000100000000000000000000000000000000000000000000000000000000000000000000000000000000000000000000000000011111111111111111111111111111
1111111111111111111111011111111101111111111101000111111110000000000000000010011111111111111111111000000100000000000011111111000100000000000000000000000000000000000000000000000000000000000000000000000000000000000000000000000000000111111111111
1111111111111111111111111111111110000000000011101000000000000000000001110000000000000000110011111111111111111100000000000000000000011111111000100000000000000000000000000000000000000000000000000000000000000000000000000000000000000000000000000
0000111111111111111111111111111111111111111111111111100000000000000000000000000000000111000000000000000110011111111111111111100000000100000000000011111111000100000000000000000000000000000000000000000000000000000000000000000000000000000000000
0000000000000000000011101110001110001111111111111111111111111000000000000000000000000000000000000000011000000000000000110011111111111111111000000000000000000000011111111000100000000000000000000000000000000000000000000000000000000000000000000
0000000000000000000000000000111111111111111111111111111111111111111111111000000000000000000000000000000000000000000011000000000000000110011111111111111111100000000000000000000111111111000100000000000000000000000000000000000000000000000000000
0000000000000000000000000000000011111111111111111000001111111110000111111111111111111111111000000000000000000000000000000000000000000000000000000000100011111111111111111000000000000000000000111111111000100000000000000000000000000000000000000
0000000000000000000000000000000000000011111111111000000000000000000000000000000000000000000000000000000011111111110000000000000000000000000000000001000000000000000100011111111111111111100000000000000000000111111100000100000000000000000000000
0000000000000000000000000000000000000000000000011111111100000000000000000000000000000000000000000000000000000000000000000000000011111111000000000000000000000000000000000000000000100011111111111111111000000000000000000000111111111000100000000
0000000000000000000000000000000000000000000000000000000011111111000000000000000000000011111111111111111111111111111111111111110000000000000000000000011111110000000000000000000000000000000000000100011111111111111101100000000000000000000111111
1000001000000000000000000000000000000000000000000000000000000000000111111000000000000000001111111111111111111111111111111111111111111111111111111111111100000000000000000011111110000000000000000000000000000000100111111111111111000100000000000
0000000000111111100001000000000000000000000000000000000000000000000000000000011111100000000000000111111111111111111111111111101100110011011001100110111111111111111111111111111100000000000000111111000000000000000000000000001100011111111111111
1000000000000000000000000111111000001100000000000000000000000000000000000000000000000000111110000000000000111111111111111111110110010001000000000000000000000000000000000001001100111111111111111111110000000000001111110000000000000000000000000
0001111111111110000000000000000000000000111111000000100000000000000000000000000000000000000000000001111000000000000011111111111111011001100000000000000000000000000000000000000000000000000000000000010011011111111111111110000000000011111000000
0000000000010001011111111111111110000000000000000000000111111000000100000000000000000000000000000000000000000111110000000000001111111111110110010000000000000000000000000000000000000000000000000000000000000000000000000001001101111111111111100
0000000011111000000000000000001011111111111111100000000000000000000000111111100000100000000000000000000000000000000000000111100000000000111111111111100100000000000000000000000000000000000000000000000000000000000000000000000000000000000000000
1001111111111111110000000001111100000000000001011111111111111101000000000000000000000111111100000110000000000000000000000000000000000111000000000001111111111111000000000000000000000000000000000000000000000000000000000000000000000000000000000
0000000000000000000000110111111111111100000000011110011000000011111111111111101000000000000000000000111111100000110000000000000000000000000000001111000000000011111111111011000000000000000000000000000000000000000000000000000000000000000000000
0000000000000000000000000000000000000000010011111111111100000000000000000001111111111111111111000000000000000000000111111100000010000000000000000000000000001110000000000111111111110000000000000000000000000000000000000000000000000000000000000
0000000000000000000000000000000000000000000000000000000000000001001111111110000000000000011111111111111111101000000000000000000000111111100000010000000000000000000000001110000000001111111111100000000000000000000000000000000000000000000000000
0000000000000000000000000000000000000000000000000000000000000000000000000000000000100111111111000000001111111111111111111010000000000000000000000111111100000010000000000000000000001100000000001111111111000000000000000000000000000000000000000
0000000000000000000000000000000000000000000000000000000000000000000000000000000000000000000000000000100111111111111111110011111111111111100000000000000000000000111111100000000000000000000000011100000000011111111011000000000000000000000000000
0000000000000000000000000000000000000000000000000000000000000000000000000000000000000000000000000000000000000000000000010011111111111110011111111111111010000000000000000000000111111100000001000000000000001100000000011111111110000000000000000
0000000000000000000000000000000000000000000000000000000000000000000000000000000000000000000000000000000000000000000000000000000000000000001111111111110011111111111111001000000000000000000000111111110000000000000000001000000000011111111110000
0000000000000000000000000000000000000000000000000000000000000000000000000000000000000000000000000000000000000000000000000000000000000000000000000000000001111111111110011111111111110011000000000000000000000111111110000000000000000000000000011
1111111000000000000000000000000000000000000000000000000000000000000000000000000000000000000000000000000000000000000000000000000000000000000000000000000000000000000000001011111111110011111111111110001000000000000000000000111111110000000001111
0000000000111111110000000000000000000000000000000000000000000000000000000000000000000000011111111111111111111111111111110000000000000000000000000000000000000000000000000000000000000001011111111100011111111111110010000000000000000000000111111
1100000000000000000000111111110000000000000000000000000000000000000000000000000000000000000001111111111111111111111111111111111111111111111111101000000000000000000000000000000000000000000000000000001011111111100011111111111110100000000000000
0000000001111111100000000000000000111111100000000000000000000000000000000000000000000000000000000000011111111111111111111111111111111111111111111111111111111111111111100000000000000000000000000000000000000000000001011111111100111111111111111
0100000000000000000000001111111100001100000000111111100000000000000000000000000000000000000000000000000000000101111111111111111111111111111111111111111111111111111111111111111111111111110000000000000000000000000000000000000000001111111111100
1111111111111000000000000000000000000001111111100000111111111111001000000000000000000000000000000000000000000000000000001111111111111111111111111000000000000000000000000000000000000000111111111111111111111111000000000000000000000000000000000
0011111111110001111111111111000100000000000000000000001111111100000011111111110000000000000000000000000000000000000000000000000000011111111111111111111000000000000000000011111111111000000000000000000000000001111111111111111111100000000000000
0000000000000000011111111111001111111111111000100000000000000000000011111111100000001111111110000000000000000000000000000000000000000000000000111111111111111110000000000001111111111111111111111111111111111111111110000000000000001111111111111
1111000000000000000000000000000011111111111001111111111111000100000000000000000000001111111100000000110111110000000000000000000000000000000000000000000000111111111111110000000000011111111111111111111111111111111111111111111111111111111100000
0000000011111111111111100000000000000000000000010111111110001111111111110000000000000000000000000001111111110000000011111110000000000000000000000000000000000000000001111111111111000000000011111111111111111111111111111111111111111111111111111
1111111111111111100000000000111111111111100000000000000000000011111111110001111111111100000000000000000000000000001111111110000000001111110000000000000000000000000000000000000001111111111110000000001111111111111111111111111111111111111111111
1111111111111111111111111111111111111000000000011111111111110000000000000000011111111100001111111111100000000000000000000000000001111111110000000000111110000000000000000000000000000000000011111111111100000000011111111111111111111111111111111
1111111111111111111111111111111111111111111111111111111110000000001111111110000000000000000011111111110001111111111100000000000000000000000000001111111110000000101111110000000000000000000000000000000011111111111000000000111111111111111111111
1111111111111111111111111111111111111111111111111111111111111111111111111111000000001111111111000000000000011111111110011111111111100000000000000000000000000001111111111000000111111110000000000000000000000000000011111111111000000001111111111
1111111111111111111111111111111111111111111111111111111111111111111111111111111111111111111111100000001111111111000000000011111111110011111111111100000000000000000000000000001111111111000000111111110000000000000000000000000111111111110000000
0111111111111111111111111111111111111111111111111111111111111111111111111111111111111111111111111111111111111111100000001111111000000000000111111110011111111111000000000000000000000000000001111111111000000111111110000000000000000000000000111
1111100000001111111111111111111111111111111111111111111111111111111111111111111111111111111111111111111111111111111111111111111111000000011111111100000001111111110011111111111000000000000000000000000000001111111111000000001111110000000000000
0000000011111111100000001111111111111111111111111111111111111111111111111111111111111111111111111111111111111111111111111111111111111111111111111111000000011111000000000111111100011111111111000000000000000000000000000001111111111000000011111
1100000000000000000010111111100000001111111111111111111111111111111111111111111111111111111111111111111111111111111111111111111111111111111111111111111111111111111111000000111111100001111111100011111111110000000000000000000000000000001111111
1110000000011111000000000000000000011111110000001111111111111111111111111111111111111111111111111111111111111111111111111111111111111111111111111111111111111111111111111111111111111110000000111100000111111100011111111110000000000000000000000
0000000001111111110000000011111100000000000000111111111000001111111111111111111111111111111111111111111111111111111111111111111111111111111111111111111111111111111111111111111111111111111111111111111100000001111111111111100011111111110000000
0000000000000000000000011111111111000000111111100000000000000111111000000111111111111111111111111111111111111111111111111111111111111111111111111111111111111111111111111111111111111111111111111111111111111111111111111000000111111111111100111
1111111100000000000000000000000000000011111111111000000011111100000000000111111100000011111111111111111111111111111111111111111111111111111111111111111111111111111111111111111111111111111111111111111111111111111111111111111111111111110000001
1111111111001111111111100000010000000000000000000000011111111111000000111111100000000001111110000001111111111111111111111111111111111111111111111111111111111111111111111111111111111111111111111111111111111111111111111111111111111111111111111
1111111111000000111111111001111111111100000000000000000000000000000011111111111100000001111100000001111111000001111111111111111111111111111111111111111111111111111111111111111111111111111111111111111111111111111111111111111111111111111111111
1111111111111111111111111110000011111111101111111111100000010000000000000000000000001111111111000000011111100000001111100000011111111111111111111111111111111111111111111111111111111111111111111111111111111111111111111111111111111111111111111
1111111111111111111111111111111111111111111000000111111001111111111100000010000000000000000000000011111111111100000011111100001111110000001111111111111111111111111111111111111111111111111111111111111111111111111111111111111111111111111111111
1111111111111111111111111111111111111111111111111111111111110000011111001111111111100000000000000000000000000000011111111111100000001011000001111100000111111111111111111111111111111111111111111111111111111111111111111111111111111111111111111
1111111111111111111111111111111111111111111111111111111111111111111111111111000000111001111111111000000010000000000000000000000000111111111100000111111110111110000011111111111111111111111111111111111111111111111111111111111111111111111111111
1111111111111111111111111111111111111111111111111111111111111111111111111111111111111111111100000011111111111111100000010000000000000000000000001111111111100000000111111111000000111111111111111111111111111111111111111111111111111111111111111
1111111111111111111111111111111111111111111111111111111111111111111111111111111111111111111111111111111111110000000011111111111000000000000000000000000000000011111111111100000011111111110000011111111111111111111111111111111111111111111111111
1111111111111111111111111111111111111111111111111111111111111111111111111111111111111111111111111111111111111111111111111111100000011111111111000000000000000000000000000000001111111111100000001011111000000111111111111111111111111111111111111
1111111111111111111111111111111111111111111111111111111111111111111111111111111111111111111111111111111111111111111111111111111111111111111110000001111111110000000000000000000000000000000000011111111110000000111110000001111111111111111111111
1111111111111111111111111111111111111111111111111111111111111111111111111111111111111111111111111111111111111111111111111111111111111111111111111111111111111000001111111110000000000000000000000000000000000111111111110000000011000000111111111
1111111111111111111111111111111111111111111111111111111111111111111111111111111111111111111111111111111111111111111111111111111111111111111111111111111111111111111111111111100000111111111000000000000000000000000000000000111111111110000000000
0000011111111111111111111111111111111111111111111111111111111111111111111111111111111111111111111111111111111111111111111111111111111111111111111111111111111111111111111111111111111111111100000001111111000000000000000000000000000000000111111
1111100000000000000111111111111111111111111111111111111111111111111111111111111111111111111111111111111111111111111111111111111111111111111111111111111111111111111111111111111111111111111111111111111111000000000011111000000100000000000000000
0000000001111111111110000000000001111111111111111111111111111111111111111111111111111111111111111111111111111111111111111111111111111111111111111111111111111111111111111111111111111111111111111111111111111111111111110000000000001111000000100
0000000000000000000000001111111111110000000000011111111111111111111111111111111111111111111111111111111111111111111111111111111111111111111111111111111111111111111111111111111111111111111111111111111111111111111111111111111111111111000011110
0000010000000000000000000000000000000000111111111100000000001111111111111111111111111111111111111111111111111111111111111111111111111111111111111111111111111111111111111111111111111111111111111111111111111111111111111111111111111111111111111
1111100000111111000000000001000000000000000000000000001011111111100000000001111111111111111111111111111111111111111111111111111111111111111111111111111111111111111111111111111111111111111111111111111111111111111111111111111111111111111111111
1111111111111111110000000111111000000000001000000000000000000000000011111111111100000000011111111111111111111111111111111111111111111111111111111111111111111111111111111111111111111111111111111111111111111111111111111111111111111111111111111
1111111111111111111111111111111111000001111111110000000111000000000000000000000000000011111111100000000000110111111111111111111111111111111111111111111111111111111111111111111111111111111111111111111111111111111111111111111111111111111111111
1111111111111111111111111111111111111111111011111000001111111110000000000000000000000000000000000001111111111110000000011101111111111111111111111111111111111111111111111111111111111111111111111111111111111111111111111111111111111111111111111
1111111111111111111111111111111111111111111111111111111111111111000001111111111000000000000000000000000000000000000011111111110000000010111111111111111111111111111111111111111111111111111111111111111111111111111111111111111111111111111111111
1111111111111111111111111111111111111111111111111111111111111111111111111111110000001111111111100000000000000000000000000000000000111111111100000001111111111111111111111111111111111111111111111111111111111111111111111111111111111111111111111
1111111111111111111111111111111111111111111111111111111111111111111111111111111111111111111111000011111111111100000000000000000000000000000000000011111110000000000001011111111111111111111111111111111111111111111111111111111111111111111111111
1111111111111111111111111111111111111111111111111111111111111111111111111111111111111111111111111111111111100000011111111111110000000000000000000000000000000000001111000000001100110011111111111111111111111111111111111111111111111111111111111
1111111111111111111111111111111111111111111111111111111111111111111111111111111111111111111111111111111111111111111111111110000011111111111100000000000000000000000000000000000111100000011000000001000111111111111111111111111111111111111111111
1111111111111111111111111111111111111111111111111111111111111111111111111111111111111111111111111111111111111111111111111111111111111111100000011111111111110000000000000000000000000000000000001000011111100000000011111111111111111111111111111
1111111111111111111111111111111111111111111111111111111111111111111111111111111111111111111111111111111111111111111111111111111111111111111111111111111100000111111111111110000000000000000000000000000000100000000111111100000000000111111111111
1111111111111111111111111111111111111111111111111111111111111111111111111111111111111111111111111111111111111111111111111111111111111111111111111111111111111111111111000000011111111111100000000000000000000000000000000001000001111111100000000
0100111111111111111111111111111111111111111111111111111111111111111111111111111111111111111111111111111111111111111111111111111111111111111111111111111111111111111111111111111111111110000011111111111111000000000000001100000000000000101100011
1111111000000000001011111111111111111111111111111111111111111111111111111111111111111111111111111111111111111111111111111111111111111111111111111111111111111111111111111111111111111111111111111111000000011111111111110000000000000001000000000
0000000010001111111111100000000010111111111111111111111111111111111111111111111111111111111111111111111111111111111111111111111111111111111111111111111111111111111111111111111111111111111111111111111111111111111110000111111111111111100000000
0000110000000000000000010001111111111100000000111011111111111111111111111111111111111111111111111111111111111111111111111111111111111111111111111111111111111111111111111111111111111111111111111111111111111111111111111111111110000000111111111
1111000000000000011100000000000000000000001111111111100000000100011111111111111111111111111111111111111111111111111111111111111111111111111111111111111111111111111111111111111111111111111111111111111111111111111111111111111111111111111111100
0000001111111111110000000000000110000000000000000001000001111111111100000000000000111111111111111111111111111111111111111111111111111111111111111111111111111111111111111111111111111111111111111111111111111111111111111111111111111111111111111
1111111111111100000011111111111111111000000001010000000000000000000000010111111111110000000000110111111111111111111111111111111111111111111111111111111111111111111111111111111111111111111111111111111111111111111111111111111111111111111111111
1111111111111111111111111110000000011111111111110000000000000000000010000000000000000001111111111100000000000000110011111111111111111111111111111111111111111111111111111111111111111111111111111111111111111111111111111111111111111111111111111
1111111111111111111111111111111111111111111000000011111111111001000000000000000000010000000000000000011111111111110000000000011011111111111111111111111111111111111111111111111110001111111111111111111111111111111111111111111111111111111111111
1111111111111111111111111111111111111111111111111111111100100000111111111111110000000000011100000110000000000010000001111111111110000000000100100011011111111111111111111111111111111111111111000001111111111111111111111111111111111111111111111
1111111111111111111111111111111111111111111111111111111111111111111111100000000011111111111000000000000000000001110000000000000000011111111111110000000000011001101111111111111111111111111111111111111111110000001111111111111111111111111111111
1111111111111111111111111111111111111111111111111111111111111111111111111111111111110110000000111111111111000000000000000000001110000000000000000001111111111111000000000000110110001101111111111111111111111111111111111000000001111111111111111
1111111111111111111111111111111111111111111111111111111111111111111111111111111111111111111111111011000000000111111111110000000000000000000000110000000000001001111111111111111000000000011010000011111111111111111111111111111111111110010000001
1111111111111111111111111111111111111111111111111111111111111111111111111111111111111111111111111111111111111111100100000000111111111111000000000000110000001110000000000000000111111111111111000000000000000000001111111111111111111111111111111
1110000100000011111111111111111111111111111111111111111111111111111111111111111111111111111111111111111111111111111111111111111111000000000111111111110100000000000010000011110000000000000001111111111111111100000000100101111001111111111111111
1111111111111111100000100000011111111111111111111111100000000000000000000000000011111111111111111111111111111111111111111111111111111111111111111111000000111111111111000000000000000000011110000000000000001000011111111111100000000010001011011
1111111111111111111111111111111110000110000011111111111111111100000000011111111111111111111100000000001111111111111111111111111111111111111111111111111111111111100000001111111111110000000000000000000011110000000000001011111111111111111100000
0000000111111011111111111111111111111111111110011000110000111111111111111000000111111111111111111111111111111111111000000111111111111111111111111111111111111111111111111111111110000001111111111111111000001011000000111110000000000000000000001
1111111111100000000010011101100111111111111111111111111111000000000000000111111111110000011111111111111111111111111111111111111111111100000111111111111111111111111111111111111111111111111110000001001111111111110100000000000000000111110000000
0000000011101111111111111100000000000000110010111110111111111111111111110000010000000011111111100000111111111111111111111111111111111111111111111111111100001111111111111111111111111111111111111111111111111100000011111111111110000000010010000
0001111100000000000000000100111111111111100000000000001101010111111111111111111111111000000000000001111111100000111111111111111111111111111111111111111111111111111111111001111111111111111111111111111111111111111111111110000000011111111111101
0000000100000000011111100000000000000000000111111111111100000000000000100101111111111111111111111110000010000000111111110000111111111111111111111111111111111111111111111111111111111111100111111111111111111111111111111111111111111111101000000
0111111111111000000000100000000111111100000000000000000001001111111111110000000000000000110111111111111111111111100100010000011111111000011111111111111111111111111111111111111111111111111111111111111110011111111111111111111111111111111111111
1111111000000000111111111111000000001000000000011111100000000000000000000111111111111110000000000000000001001111111111111111111000100000001111111110001111111111111111111111111111111111111111111111111111111111111111110011111111111111111111111
1111111111111111111111000000001111111111111000000000110000000111111100000000000000001000011111111111110000000000000000000011011111111111111100000000000011111111100011111111111111111111111111111111111111111111111101110111011111111110001111111
1111111111111111111111111111111111100000000001111111111111000000001010000000111111100000000000000000011111111111111110000000001000001011101111111111111111000000000000111111111100111111111111111111111111111111111111111111001000000001001111111
1111110001111111111111111111111111111111111111111110010000001111111111110100000001000000001111111100000000000000000000001111111111111000000000000000000000111101110111100000000000011111111111000001111111000000000000000000000000000000000000100
0000001111111011111111001111111111111111111111111111111111111111000000000001111111111110000000000010000001111111100000000000000000000000111111111111000000000000000011001111111111111100000000000011111111110000110010000000000000000000000000000
0000000000000001001110111111111111111000111111111111111111111111111111111111111100100000001111111111111000000001000000011111111000000000000000000000010001111111111000000000000000000000111111111111000000000001111111111110000011000000000000000
0000000000000000000000000000110000000000000111111111100111111111111111111111111111111111111111000000000001111111111100000000000000000001111110000000000000000000000000111111111111100000000000000000011010111001110000000000011111111111100000101
0000000000000000000000000000000000000000000000000000000000011111111000011111111111111111111111111111111111111000000000011111111111110000000011000000001111110000000000000010100000000001111111111100000000000000001000100000011000000000000111111
1111111000100110000000000000000000000000000000000000000000000000000001110111111000000011111111111111111111111111111111111110000000000011111111111100000000010000000011111100000000000000010000000000011111111111100000000000000001011101111111000
0000000111111111111110000011100000000000000000000000000000000000000000000000000000000000000000000000011111111111111111111111111111111111101001100000011111111111100000000010000000111111000000000000000010100000000011111111111110000000000000001
0001111111000000000000111111111111110001000000000000000000000000000000000000000000000000000000000000000000000000001111111111111111111111111111111111110100010000000111111111110000000000010000000111110000000000000000010110000000101111111111110
0000000000001000111111111000000000011111111111111100000011000000000000000000000000000000000000000000000000000000000000000000000001111111111111111111111111111111111111101001110000011111111111000000000100000000111110000000000000000000000000000
0000111111111100000000000000000000000100000000000111111111111111000000000000000000000000000000000000000000000000000000000000000000000000000000001111111111111111111111111111111111110000000000000111111111110000000000000000000111100000000000000
0000001100000000001111111111110000000000000001111111000000000000011111111111111100000000000000000000000000000000000000000000000000000000000000000000000000000011111111111111111111111111111111111111101100000000111111111110000000000110000011111
1000000000000000000001000000000001111111111110000000000000110000011100000000000111111111111111110000000000000000000000000000000000000000000000000000000000000000000000000000011111111111111111111111111111111111111101000000001111111111101000000
0001000000011110000000000000000000010110000000011111111111110000000000000000000011000000000011111111111111111110000000000000000000000000000000000000000000000000000000000000000000000000000111111111111111111111111111111111111111101000110011111
1111111000000000000000000111110000000000000000000001110000000001111111111111000000000000000000111000000000011111111111111111110000000000000000000000000000000000000000000000000000000000000000000000000000111111111111111111111111111111111111010
0010000000111111111111100000000010000000111100000000000000000000001110000000000111111111111000000000000000000111000000000111111111111111111100000000000000000000000000000000000000000000000000000000000000000000000000000001111111111111111111111
1111111111111010111001000111111111111000000000010000000111100000000000000000000001011000000000011111111111000000000000000000000000000001111111111111111111110000000000000000000000000000000000000000000000000000000000000000000000001111111111111
1111001111111111111101110111000000000000111111111110000000000000000001111100000000000000000000000111000000000111111111111000000000000000000001000000011111111111111111111100000000000000000000000000000000000000000000000000000000000000000000000
0000000000000001111111111111111111111110001000110011000111111111111000000000000000000111000000000000000000000000111000000000000011111111100000000000000000000000000011101111111111100000000000000000000000000000000000000000000000000000000000000
0000000000000000000000000000000001111111111111111111110010000000000000111111111110000000000000000011111000000000000000000000000011000000000001101111111100000000000000000000000011011111111111110111111111111111100000000000000000000000000000000
0000000000000000000000000000000000000000000000000111111111111111111111100010000010001111111111110000000000000000001111000000000000000000000000000100000000000011111111100000000000000000000000000011011111111111111110000000000000000000000000000
0000000000000000000000000000000000000000000000000000000000000000111111111111111111111101000000000001111111111110000000000000000011111000000000000000000000000001100000000001011111111110000000000000000000000000101111111111111110000000000000000
0000000000000000000000000000000000000000000000000000000000000000000000000000000011111111111111111111101100100000001111111111100000000000000000011110000000000000000000000000000100000000000011111111110000000000000000000000000011001101111111000
0000000000000000000000000000000000000000000000000000000000000000000000000000000000000000000000001111111111111111111110000000000001111111111100000000000000000011110000000000000000000000100000010000000000001111111110000000000000000000000000001
1001110111110000000000000000000000000000000000000000000000000000000000000000000000000000000000000000000000000000011111111111111111011101100100001111111111100000000000000000111110000000000000000000000100000000000000000101111111111000000000000
0000000000000000000011101100000000000000000000000001100011000000000000000000000000000000000000000000000000000000000000000000000111111111111011111110100000000011111111111100000000000000000111110000000000000000000000100000000000000000001111111
1110000000000000000000000000000000000011000000000000000000000000001000000000000000000000000000000000000000000000000000000000000000000000000000011111111111111111010100000000011111111111100000000000000001111100000000000000000000000110000000000
0000000000111111111000000000000000000000000000000001001000000000000000000000000001100011000000000000000000000000000000000000000000000000000000000000000000000001111111111111111000000000000011111111111000000000000000001111000000000000000000000
0001100000000000000000011111111111000000000000000000000000001001000000000000000000000000000000000000000000000000000000000000000000000000000000000000000000000000000000000000001111111111111011010000000000111111111111000000000000000001111100000
0000000000000000001110000000000000000010111111111000000000000000000000000000000000000000000000000000000000000000000000000000000000000000000000000000000000000000000000000000000000000000000000111111111111000000000000000111111111100000000000000
0000011110000000000000000000000011110000000000000000011111111111100000000000000000000000000100000000000000000000000000000000000000000000000000000000000000000000000000000000000000000000000000000000000000000011111111101100000000000000111111111
1110000000000000000111110000000000000000000000011110000000000000000000011111111100000000000000000000000000000000000000000000000000000000000000000000000000000000000000000000000000000000000000000000000000000000000000000000001111110000010000000
0000001111111111100000000000000000111100000000000000000000000011111000000000000000000011111111100000000000000000000000000000000000000000000000000000000000000000000000000000000000000000000000000000000000000000000000000000000000000000000000111
0010000000000000000011111111111000000000000000001111100000000000000000000000011111000000000000000000000111111110000000000000000000000000000000000000000000000000000000000000000000000000000000000000000000000000000000000000000000000000000000000
0000000000110000000000100000000000011111111110000000000000000000111000000000000000000000000011111000000000000000000011111111110000000000000000000000000000000000000000000000000000000000000000000000000000000000000000000000000000000000000000000
0000000000000000000000000011101111000000000000000111111111110000000000000000011110000000000000000000000000011111100000000000000000000111111110000000000000000000000000000000000000000000000000000000000000000000000000000000000000000000000000000
0000000000000000000000000000000000000000000000010000000000000000111111111110000000000000000001111000000000000000000000000011111100000000000000000000111111111000000000000000000000000000000000000000000000000000000000000000000000000000000000000
0000000000000000000000000000000000000000000000000000000011000000000000000000000111111111100000000000000000111111000000000000000000000000011111100000000000000000000111111111000000000000000000000000000000000000000000000000000000000000000000000
0000000000000000000000000000000000000000000000000000000000000000000000000010000000000000000001111111111100000000000000000011110000000000000000000000000011111110000000000000000000011111111000000000000000000000000000000000000000000000000000000
0000000000000000000000000000000000000000000000000000000000000000000000000000000000000011100000000000000000001111111111100000000000000001111111000000000000000000000000001111110000000000000000000011111111100000000000000000000000000000000000000
0000000000000000000000000000000000000000000000000000000000000000000000000000000000000000000000000000000000000000000000000001111111111100000000000000001111110000000000000000000000000001111111000000000000000000011111111100000000000000000000000
0000000000000000000000000000000000000000000000000000000000000000000000000000000000000000000000000000000000000000000000001000000000000000011111111111100000000000000001111111100000000000000000000000001111111000000000000000000001111111110000000
0000000000000000000000000000000000000000000000000000000000000000000000000000000000000000000000000000000000000000000000000000000000000000000000000000000011111111110000000000000000001111110000000000000000000000000001111111100000000000000000001
1111111100000000000000000000000000000000000000000000000000000000000000000000000000000000000000000000000000000000000000000000000000000000000000000010010000000000000000111111111111000000000000000010111111000000000000000000000000001111111100000
0000000000000001111111110000000000000000000000000000000000000000000000000000000000000000000000000000000000000000000000000000000000000000000000000000000000000000000000000000000000000111111111100000000000000000001111111000000000000000000000000
0011111111100000000000000000001111111110000000000000000000000000000000000000000000000000000000000000000000000000000000000000000000000000000000000000000000000000000000000000000001010000000000000001111111111110000000000000000011111111000000000
0000000000000000011111111100000000000000000001111111111000000000000000000000000000000000000000000000000000000000000000000000000000000000000000000000000000000000000000000000000000000000000000000000000000000000001111111111100000000000000000111
1111110000000000000000000000000011111111110000000000000000000111111111000000000000000000000000000000000000000000000000000000000000000000000000000000000000000000000000000000000000000000000000000000000000000011100100000000000001111111111100000
0000000000001111111110000000000000000000000000011111111110000000000000000000001111111000000000000000000000000000000000000000000000000000000000000000000000000000000000000000000000000000000000000000000000000000000000000000000000000000000000011
1111111101000000000000000000111111000000000000000000000000000001111111110000000000000000000111111111100000000000000000000000000000000000000000000000000000000000000000000000000000000000000000000000000000000000000000000000000000000000000000000
0000000000000111111111110000000000000000011111111110000000000000000000000000001111111111000000000000000000000011111110000000000000000000000000000000000000000000000000000000000000000000000000000000000000000000000000000000000000000000000000000
0000000000000000000000000001111111110110000000000000000011111111000000000000000000000000000001111111111000000000000000000011111111110000000000000000000000000000000000000000000000000000000000000000000000000000000000000000000000000000000000000
0000000000000000000000000010000000000000001111111111110000000000000000011111111111000000000000000000000000011111111111000000000000000000000111111111000000000000000000000000000000000000000000000000000000000000000000000000000000000000000000000
0000000000000000000000000000000000000000000000000000000011111111111100000000000000000111111111100000000000000000000000000001111111111100000000000000000011111111111000000000000000000000000000000000000000000000000000000000000000000000000000000
0000000000000000000000000000000000000000000000000000000000000000000000111111111111110000000000000000111111111111000000000000000000000000001111111111100000000000000000011011111111100000000000000000000000000000000000000000000000000000000000000
0000000000000000000000000000000000000000000000000000000000000000000000000000000000000011111111111000000000000000001111111111100000000000000000000000000001111111111110000000000000000001111111111100000000000000000000000000000000000000000000000
0000000000000000000000000000000000000000000000000000000000000000000000000000000000000000000000000001111111111111100000000000000001111111111111000000000000000000000000011111111111110000000000000000000001111111110000000000000000000000000000000
0000000000000000000000000000000000000000000000000000000000000000000000000000000000000000000000000000000000000000001111111111000000000000000000001111111111111000000000000000000000000001111111111111000000000000000000011111111110000000000000000
0000000000000000000000000000000000000000000000000000000000000000000000000000000000000000000000000000000000000000000000000000000011111111111100000000000000000011111111111111100000000000000000000000001111111111111000000000000000000001111111111
0000000000000000000000000000000000000000000000000000000000000000000000000000000000000000000000000000000000000000000000000000000000000000000000111111111111110000000000000000001111111111111110000000000000000000000011111111111111100000000000000
0001111111111111000000000000000000000000000000000000000000000000000000000000000000000000000000000000000000000000000000000000000000000000000000000000000000000111111111111010000000000000000111111111111111110000000000000000000000011111111111111
1000000000000000000011111111111000000000000000000000000000000000000000000000000000000000000000000000000000000000000000000000000000000000000000000000000000000000000000000001111111111110000000000000000000111111111111111101100000000000000000000
0111111111111111000000000000000001111111111111100000000000000000000000000000000000000000000000000000000000000000000000000000000000000000000000000000000000000000000000000000000000000000011111111111111000000000000000000111111111111111011001000
0000000000000000011111111111111100000000000000000000111111111110000000000000000000000000000000000000000000000000000000000000000000000000000000000000000000000000000000000000000000000000000000000000000111111111111000000000000000000000111111111
1111111100000000000000000000000011111111111111100000000000000000000001111111110000000000000000000000000000000000000000000000000000000000000000000000000000000000000000000000000000000000000000000000000000000000000001111111111110010000000000000
0000011111111111111111110000000000000000000000111111111111111100000000000000000000000111111111000000000000000000000000000000000000000000000000000000000000000000000000000000000000000000000000000000000000000000000000000000000000001111111111101
0000000000000000000011111111111111111111111000000000000000001111111111111111110000000000000000000001111111111100000000000000000000000000000000000000000000000000000000000000000000000000000000000000110000100000000000000000000000000000000000000
1111111111111111000000000000000000111111111111111111111111100000000000000000011111111111111110000000000000000000001101111011110000000000000000000000000000000000000000000011111111000000000000000000000000000000000100000000000000000000000000000
0000000000000001111111111110110000000000000000000011111111111111111111111111100000000000000111111111111111111000000000000000000010111111111111000000000000000000000000000000000000000000011100111000000000000000000000000000000000000000000000000
0000000000000000000000000000011111111111111100000000000000000000111111111111111111111111111111000000000000111111111111111111000000000000000000000101111111111100000000000000000000000000000000000000000011110111000000000000000000000000000000000
0000000000000000000000000000000000000000000111111111101100000000000000000000001111111111111111111111111111110000000000000111111111111111111000000000000000000000000111111111110000000000000000000000000000000000000000000000000000000000000000000
0000000000000000000000000000000000000000000000000000000001111111111110010000000000000000000000111111111111111111111111111111000000000000111111111111111111000000000000000000000001101111111111000000000000000000000000000000000000000000000000000
0000000000000000000000000000000000000000000000000000000000000000000000011111111111111000000000000000000000001111111111111111110111101010110000000000000111111111111111111110000000000000000000100011101110111100000000000000000000000000000000000
0000000000000000000000000000000000000000000000000000000000000000000000000000000000000111111111111100000000000000000000000001111111111111111111111111111111000000000000111111111111111111110000000000000000000000000010111111100000000000000000000
0000000000000000000000000000000000000000000000000000000000000000000000000000000000000000000000000001111111110010000000000000000000000000001111111111111111111111111111110000000000000111111111111111111110000000000000000000000111011101111111000
0000000000000000000000000000000000000000000000000000000000000000000000000000000000000000000000000000000000000000001111111111101110000000000000000000000001111111111111111111111111111111000000000000111111111111111111111000000000000000000000000
0101110010011000000000000000011110000000000000000000000000000000000000000000000000000000000000000000000000000000000000000000000011111111110010000000000000000000000000001111111111111111111111111111111000000000000111111111111111111111000000000
0000000000000110110010101101100000000000000000000000000000000000000000000000000000000000000000000000000000000000000000000000000000000000000000011111111111001000000000000000000000000001111111111111111111111110111111000000000000111111111111111
1111111000000000000000000000000000000000000000000000000000000000000000000000000000000000000000000000000000000000000000000000000000000000000000000000000000000111010001100000000000000000000000000000001111111111111111111111111101111000000000000
1111111111111111111111100000000000000000000000000000001000000000000000000000000000000000000000000000000000000000000000000000000000000000000000000000000000000000000000000000111001110111000000000000000000000000000001111111111111111111111111111
1110000000000001111111111111111111111100000000000000000000000000000000000000000000000000000000000000000000000000000000000000000000000000000000000000000000000000000000000000000000000000000001111011000100000000000000000000000000001111111111111
1111111111111111110000000000001111111111111111111111100000000000000000000000010001000000000000000000000000000000000000000000000000000000000000000000000000000000000000000000000000000000000000000000000000111100000010000000000000000000000000000
0011111111111111111111111111111110000000000001111111111111111111111100000000000000000000000000000000000000000000000000000000000000000000000000000000000000000000000000000000000000000000000000000000000000000000000000001100001100000000000000000
0000000000000000001111111111111111111111111111110000000000001111111111111111111111110000000000000000000000000000000000000000000000000000000000000000000000000000000000000000000000000000000000000000000000000000000000000000000000000111000000110
0000000000000000000000000010000011111111111111111111111111111110000000000001111111111111111111111110000000000000000000000000000000010000000000000000000000000000000000000000000000000000000000000000000000000000000000000000000000000000000000001
0000000000100000000000000000000000000000011000011111111111111111111111111111110000000000011111111111111111111111111000000000000000000000000000000000000000000000000000000000000000000000000000000000000000000000000000000000000000000000000000000
0000011100100000000000100010000000000000000000000000000111000011111111111111111111111111111110000000000011111111111111111111111111000000000000000000000000000000000000000000000000000000000000000000000000000000000000000000000000000000000000000
0000111111111111100000000000000000000000000000000000000000000000000001111000001111111111111111111111110111110000000000011111111111111111111111111000000000000000000000000000000000000000000000000000000000000000000000000000000000000000000000001
1111111111111111111111001000000000000000000000000000000000000000000000000000000000001111000011111111111111111111111111111110000000000011111111111111111111111110000000000000000000000000000000000000000000000000000000000000000000000000000000001
1111111111111111111100000000000000000000000000000000000000000000000000000000000000000000000000000011111000001111111111111111111101110111110000000000001111111111111111111111110000000000000000000000000000000000000000000000000010000000000111111
1111111111111111111111111100100001111011100110000000000000000000000000000000000000000000000000000000000000000000011111000011111111111111111111111111101110000000000001111111111111111111111111000000000000000000000000000000000000000000000000000
0000111111111111100000100001000000010100001111000011110000000000000000001000000000000000000000000000000000000000000000000000000111111000011111111111111111011111111110010000000000011111111111111111111111111000000000000000000000000000000000000
0000000000000000000000001000100000001100110111000000000011111100110100000000000000001000000000000000000000000000000000000000000000000000000001011101000001111111111111111111111111101100000000000001111111111111111111111111000000000000000000000
0000000000000000000000000000000000000000010000000000100000000000000000011111100111110000010000000000000000000000000000000000000000000000000000000000000000001111110000000111111111111110111011101000000000000000001111111111111111111111111000011
0000000000000000000000000000000000000000000000000000011000000000000000001101000000000010111100101111010000000110000000000000000000000000000000000000000000000000000000000011111111100001111111110111111111111110000000000000000001111111111111111
1111111110000011000000000000000000000000000000000000000000000000000000000000000000100000000000100000000001000101100000000000000000000000000000000000000000000000000000000000000000000000111000000000000000111111111110111110000000000000000000001
1111111111111111111111110001111100000000000000000000000000000000000000000100000000000000000000000000000000010000000000111000001100100000000000000000000000000000000000000000000000000000000000000000000000000000000000000001111111111111111111000
1000000000000011111111111111111111111110001111100000000000000000000000000000000000000000000000000000000000000000000000000000001000000000000010111110000000000000000000000000000000000000000000000000000000000000000000000000000000000000000111111
1111110110100001000000000000111111111111111111111111110001111110000000000000000000000000000000000000000000000000000000000000000000000000000000000000000000000110011001000000000000000000000000000000000000000000000000000000000000000000000000000
0000000000111111111110111000000000000000000011111111111111111111111110001111100000000000000000000000000000000000000000000000000000000000000000000000000000000000000000000001011000000000000000000000000000000000000000000000000000000000000000000
0000000000000000000000000011111101101000000000000000000000111111111111111111111111110001111110000000000000000000000000000000000000000000000000000000000000000000000000000000000000000000000110100000000000000000000000000000000000000000000000000
0000000000000000000000000000000000000000011111111111111100000000000000000011111111111111111111111100000111110000000000000000000000000000000000000000000000000000000000000000000000010000000000010001100000110000000000000000000000000000000000000
0000000000000000000000000000000000000000000000000000000000110000000000000000000000000000011111111111111111111111110000111111100000000000000000000000000000000000000000000000000000000000100000000000000000000000000000000100000000000000000000000
0000000000000000000000000000000000000000000000000000000000000000000000000000000000000000000000000000000011111111111111111111111100000111111100000000000000000000000000000000000000000000000000000000000000000000000000000000000000000000110000000
0000000000000000000000000000000000000000000000000000000000000000000000000000000000000000000000000000000000000000000000011111111111111111111111110001111111100000000000000000000000000000000000000000000000000000000000000000100000000000000000000
0000011000000000000000000000000000000000000000000000000000000000000000000000000000000000000000000000000000000000000000000000000000000011111111111111111111111110000000011111100000000000000000000000000000000000000000000000000000000000000000000
0000000000011110000000000000000000000000000000000000000000000000000000000000000000000000000000000000000000000000000000000000000000000011100000000000011111111111111111111111100000000000000011000000000000000000000000000000000000000000000000000
0000000000000000000000000001110000000000000000000000000000000000000000000000000000000000000000000000000000000000000000000000000000000011111111111111111100000000000011111111111111111100000000000000000000000000000000000000000000000000000000000
0000000000000000000000000000000000000000001110000000000000000000000000000000000000000000000000000000000000000000000000000000000000000000000000000000011111111111111111100000000000011111111111111110000000000000000000000000000000000000000000000
0000000000000000000000000000000000000000000000000000000000000000000000000000000000000000000000000000000000000000000000000000000000001110000000000000000000000000000011111111100000000000000000000011111111111111100000000000000000000000000000000
0000000000000000000000000000000000000000000000000000000000000000000000000000000000000000000000000000000000000000000000000000000000011111111111111111111100000000000000000000000000000000000000000000000000000000111111111111111100000000000000000
0000000000000000000000000000000000000000000000000000000000000000000000000000000000000000000000000000000000000000000000000000000000001111111111111111111111111111111111000000000000000000000000000000000000000000000000000000000111111111111111000
0000000000000000000000001110000000000000000000000000000000000000000000000000000000000000000000000000000000000000000000000000000000000111111111111111111111111111111111111111111110000000000000000000000000000000000000000000000000000000000000111
1111111111110000000000000000000000000001111000000000000000000000000000000000000000000000000000000000000000000000000000000000000000000111111111111111111111111111111111111111111000000000000000000000000000000000000000000000000000000000000000000
0000000000001111111111111100000000000000000000000000000000000000000000000000000000000000000000000000000000000000000000000000000000000011111111111111111111111111111111111111111000000000000000000000000000000000000000000000000000000000000000000
0000000000000000000000000001111111111111000000000000000000000000000000000000000000000000000000000000000000000000000000000000000000000011111111111111111111111111111111111111111100000000000000000000000000000000000000000000000000000000000000000
0000000000000000000000000000000000000000000000000011111000000000000000000000000000000000000000000000000000000000000000000000000000000111111111111111111111111111111111111111111100000000000000000000000000000000000000000000000000000000000000000
0000000000000000000000000000000000000000000000000000000000000000111111000000000000000000000000000000000000000000000000000000000011111111111111111111111111111111111111111111110000000000000000000000000000000000000000000000000000000000000000000
0000000000000000000000000000000000000000000000000000000000000000000000000000000111110000000000000000000000000000000000000000001111111111111111111111111111111111111111111000111000000000000000000000000000000000000000000000000000000000000000000
0000000000000000000000000000000000000000000000000000000000000000000000000000000000000000000000111110000000000000000000000000000011111111111111111111111111111111111111111111110000000000000000000000000000000000000000000000000000000000000000000
0000000000000000000000000000000000000000000000000000000000000000000000000000000000000000000000000000000000000111100000000000000000000000000001111111111111111111111111111110000000000000000000000000000000000000000000000000000000000000000000000
0000000000000000000000000000000000000000000000000000000000000000000000000000000000000000000000000000000000000000000000011111111100000000000000000000000000001111111110000000000000000000000000000000000000000000000000000000000000000000000000000
0000000000000000000000000000000000000000000000000000000000000000000000000000000000000000000000000000000000000000000000000000000000001111111111100000000000000000000000000000000000000000000000000000000000000000000000000000000000000000000000000
0000000000000000000000000000000000000000000000000000000000000000000000000000000000000000000000000000000000000000000000000000000000000000000000000001111110000000000000000000000000000000000000000000000000000000000000000000000000000000000000000
0000000000000000000000000000000000000000000000000000000000000000000000000000000000000000000000000000000000000000000000000000000000000000000000000000000000000000000000000000000000000000000000000000000000000000000000000000000000000000000000000
0000000000000000000000000000000000000000000000000000000000000000000000000000000000000000000000000000000000000000000000000000000000000000000000000000000000000000000000000000000000000000000000000000000000000000000000000000000000000000000000000
0000000000000000000000000000000000000000000000000000000000000000000000000000000000000000000000000000000000000000000000000000000000000000000000000000000000000000000000001111110001111000000000000000000000000000000000000000000000000000000000000
0000000000000000000000000000000000000000000000000000000000000000000000000000000000000000000000000000000000000000000000000000000000000000000000000000000000000000000000000000000000001111100000000000000000000000000000000000000000000000000000000
0000000000000000000000000000000000000000000000000000000000000000000000000000000000000000000000000000000000000000000000000000000000000000000000000000000000000000000000000000000000000000000000000000000000000000000000000000000000000000000000000
0000000000000000000000000000000000000000000000000000000000000000000000000000000000000000000000000000000000000000000000000000000000000000000000000000000000000000000000011111111111100000000000000000000000000000000000000000000000000000000000000
0000000000000000000000000000000000000000000000000000000000000000000000000000000000000000000000000000000000000000000000000000000000000000000000000000000000000000000000111111111111111111111111100000000000000000000000000000000000000000000000000
0000000000000000000000000000000000000000000000000000000000000000000000000000000000000000000000000000000000000000000000000000000000000000000000000000000000000000000001111111111111111111111111100000000000000000000000000000000000000000000000000
0000000000000000000000000000000000000000000000000000000000000000000000000000000000000000000000000000000000000000000000000000000000000000000000000000000000000000000000011111111111111111111111111000000000000000000000000000000000000000000000000
0000000000000000000000000000000000000000000000000000000000000000000000000000000000000000000000000000000000000000000000000000000000000000000000000000000000000000000000011111111111111111111111111000000000000000000000000000000000000000000000000
0000000000000000000000000000000000000000000000000000000000000000000000000000000000000000000000000000000000000000000000000000000000000000000000000000000000000000000000111111111111111111111111111000000000000000000000000000000000000000000000000
0000000000000000000000000000000000000000000000000000000000000000000000000000000000000000000000000000000000000000000000000000000000000000000000000000000000000000000001111111111111111111111111111000000000000000000000000000000000000000000000000
0000000000000000000000000000000000000000000000000000000000000000000000000000000000000000000000000000000000000000000000000000000000000000000000000000000000000000000001111111111111111111111111111000000000000000000000000000000000000000000000000
0000000000000000000000000000000000000000000000000000000000000000000000000000000000000000000000000000000000000000000000000000000000000000000000000000000000000000000001111111111111111111111111100000000000000000000000000000000000000000000000000
0000000000000000000000000000000000000000000000000000000000000000000000000000000000000000000000000000000000000000000000000000000000000000000000000000000000000000000000001111111111111111111111000000000000000000000000000000000000000000000000000
0000000000000000000000000000000000000000000000000000000000000000000000000000000000000000000000000000000000000000000000000000000000000000000000000000000000000000000000000000001111111111111000000000000000000000000000000000000000000000000000000
0000000000000000000000000000000000000000000000000000000000000000000000000000000000000000000000000000000000000000000000000000000000000000000000000000000000000000000000000000000000000000000000000000000000000000000000000000000000000000000000000
0000000000000000000000000000000000000000000000000000000000000000000000000000000000000000000000000000000000000000000000000000000000000000000000000000000000000000000000000000000000000000000000000000000000000000000000000000000000000000000000000
0000000000000000000000000000000000000000000000000000000000000000000000000000000000000000000000000000000000000000000000000000000000000000000000000000000000000000000000000000000000000000000000000000000000000000000000000000000000000000000000000
0000000000000000000000000000000000000000000000000000000000000000000000000000000000000000000000000000000000000000000000000000000000000000000000000000000000000000000000000000000000000000000000000000000000000000000000000000000000000000000000000
0000000000000000000000000000000000000000000000000000000000000000000000000000000000000000000000000000000000000000000000000000000000000000000000000000000000000000000000000000000000000000000000000000000000000000000000000000000000000000000000000
0000000000000000000000000000000000000000000000000000000000000000000000000000000000000000000000000000000000000000000000000000000000000000000000000000000000000000000000000000000000000000000000000000000000000000000000000000000000000000000000000
0000000000000000000000000000000000000000000000000000000000000000000000000000000000000000000000000000000000000000000000000000000000000000000000000000000000000000000000000000000000000000000000000000000000000000000000000001111100000000000000000
0000000000000000000000000000000000000000000000000000000000000000000000000000000000000000000000000000000000000000000000000000000000000000000000000000000000000000000000000000000000000000000000000000000000000000000000000000000000000000000000000
